72.99
73.20
73.20
73.20
73.54
75.54
75.54
75.54
75.54
75.84
77.54
80.83
81.17
82.05
82.05
82.22
82.22
82.38
82.42
82.53
82.79
82.82
82.82
82.82
82.88
82.88
82.88
83.10
83.10
83.10
83.20
83.23
83.23
83.23
83.23
83.42
84.35
84.35
84.35
84.51
84.51
84.64
84.64
84.64
84.67
84.88
84.93
84.93
84.93
84.97
84.97
85.30
85.55
85.55
85.63
85.63
85.68
85.68
85.68
85.71
85.71
85.79
85.79
85.79
85.79
85.79
85.79
85.79
85.79
85.79
85.79
85.79
85.79
85.79
85.79
85.79
85.79
85.82
85.85
85.85
85.87
85.96
85.96
86.01
86.12
86.12
86.12
86.12
86.12
86.12
86.12
86.29
88.33
88.33
88.33
89.21
89.27
89.27
89.42
89.42
89.42
89.51
89.69
89.69
89.69
89.69
89.69
89.69
89.69
89.85
89.95
89.95
89.95
89.95
89.95
89.95
89.95
89.95
90.12
90.12
90.12
90.28
90.28
90.28
90.30
90.30
90.32
90.32
90.32
90.34
90.34
90.34
90.34
90.36
90.36
90.36
90.48
90.48
90.48
90.48
90.48
90.48
90.48
90.48
90.48
90.48
90.48
90.48
90.48
90.48
90.65
90.66
90.66
90.66
90.68
90.70
90.70
90.70
91.15
91.17
91.17
91.33
91.33
91.33
91.33
91.33
91.33
91.33
91.33
91.33
91.33
91.33
91.33
91.33
91.33
91.33
91.33
91.33
91.33
91.33
91.33
91.33
91.33
91.33
91.33
91.33
91.33
91.33
91.33
91.35
91.36
91.36
91.36
91.36
91.36
91.36
91.36
91.36
91.36
91.36
91.40
91.54
91.54
91.54
91.54
91.54
91.54
91.54
91.54
91.54
91.54
91.54
91.54
91.54
91.54
91.54
91.54
91.54
91.54
91.54
91.54
91.54
91.54
91.54
91.54
91.54
91.54
91.54
91.54
91.54
91.54
91.54
91.54
91.54
91.54
91.54
91.54
91.54
91.56
91.58
91.66
91.71
91.75
91.75
91.75
91.75
91.75
91.75
91.75
91.75
91.75
91.75
91.75
91.75
91.75
91.75
91.75
91.75
91.75
91.75
91.75
91.75
91.75
91.75
91.93
91.93
91.93
91.95
92.14
92.14
92.14
92.14
92.14
92.14
92.14
92.17
92.63
92.63
92.79
94.36
95.33
95.33
95.33
95.33
95.33
95.34
95.34
95.34
95.34
95.34
95.35
95.35
95.36
95.36
95.36
95.36
95.37
95.37
95.59
95.59
95.59
95.59
95.59
95.59
95.59
95.59
95.75
96.00
96.00
96.00
96.40
96.41
96.41
96.41
96.41
96.41
96.41
96.42
96.42
96.42
96.42
96.42
96.42
96.42
96.42
96.42
96.42
96.42
96.42
96.42
96.42
96.42
96.42
96.42
96.42
96.42
96.42
96.42
96.42
96.42
96.42
96.42
96.42
96.42
96.42
96.42
96.42
96.42
96.42
96.42
96.42
96.42
96.42
96.42
96.42
96.42
96.42
96.42
96.42
96.42
96.42
96.42
96.42
96.42
96.42
96.42
96.42
96.42
96.42
96.42
96.42
96.42
96.42
96.42
96.42
96.42
96.43
96.43
96.43
96.43
96.43
96.43
96.44
96.44
96.46
96.61
96.61
96.61
96.61
96.61
96.61
96.61
96.61
96.61
96.61
96.61
96.61
96.61
96.61
96.61
96.61
96.61
96.61
96.61
96.61
96.61
96.61
96.61
96.61
96.61
96.61
96.61
96.61
96.61
96.61
96.61
96.61
96.61
96.61
96.61
96.61
96.61
96.61
96.61
96.61
96.61
96.61
96.61
96.62
96.65
96.65
96.65
96.65
96.65
96.65
96.65
96.65
96.65
96.65
96.65
96.65
96.73
96.73
96.73
96.82
96.82
96.82
96.82
96.82
96.82
96.82
96.82
96.82
96.82
96.82
96.82
96.82
96.82
96.82
96.82
96.82
96.82
96.82
96.82
96.82
96.82
96.82
96.83
96.83
96.83
96.83
96.83
96.83
96.83
96.85
97.01
97.01
97.02
97.02
97.02
97.02
97.02
97.02
97.02
97.02
97.02
97.02
97.02
97.02
97.02
97.02
97.02
97.02
97.02
97.02
97.02
97.02
97.02
97.02
97.02
97.02
97.02
97.02
97.02
97.02
97.02
97.02
97.02
97.02
97.02
97.02
97.02
97.02
97.02
97.02
97.02
97.02
97.02
97.02
97.02
97.02
97.02
97.02
97.03
97.03
97.03
97.03
97.03
97.03
97.03
97.03
97.03
97.03
97.03
97.03
97.03
97.03
97.03
97.03
97.03
97.03
97.03
97.03
97.03
97.03
97.03
97.03
97.03
97.03
97.03
97.03
97.03
97.03
97.03
97.03
97.03
97.03
97.03
97.03
97.03
97.03
97.03
97.03
97.03
97.03
97.03
97.03
97.03
97.03
97.03
97.03
97.03
97.03
97.03
97.03
97.03
97.03
97.03
97.03
97.03
97.03
97.03
97.03
97.03
97.03
97.03
97.03
97.03
97.03
97.03
97.03
97.03
97.03
97.03
97.03
97.03
97.03
97.03
97.03
97.03
97.03
97.03
97.03
97.03
97.03
97.03
97.03
97.03
97.03
97.03
97.03
97.03
97.03
97.03
97.03
97.03
97.03
97.03
97.03
97.03
97.03
97.03
97.03
97.03
97.03
97.03
97.03
97.03
97.03
97.03
97.03
97.03
97.03
97.03
97.03
97.03
97.03
97.03
97.03
97.03
97.03
97.03
97.03
97.03
97.03
97.03
97.03
97.03
97.03
97.03
97.03
97.03
97.03
97.03
97.03
97.03
97.03
97.03
97.03
97.03
97.03
97.03
97.03
97.03
97.03
97.03
97.03
97.03
97.03
97.03
97.03
97.03
97.03
97.03
97.03
97.03
97.03
97.03
97.03
97.03
97.03
97.03
97.03
97.03
97.03
97.03
97.03
97.03
97.03
97.03
97.03
97.03
97.03
97.03
97.03
97.03
97.03
97.03
97.03
97.03
97.03
97.03
97.03
97.03
97.03
97.03
97.03
97.03
97.03
97.03
97.03
97.03
97.03
97.03
97.03
97.03
97.03
97.03
97.03
97.03
97.03
97.03
97.03
97.03
97.03
97.03
97.03
97.03
97.03
97.03
97.03
97.03
97.03
97.03
97.03
97.03
97.03
97.03
97.03
97.03
97.03
97.03
97.03
97.03
97.03
97.03
97.03
97.03
97.03
97.03
97.03
97.03
97.03
97.03
97.03
97.03
97.03
97.03
97.03
97.03
97.03
97.03
97.03
97.03
97.03
97.03
97.03
97.03
97.03
97.03
97.03
97.03
97.03
97.03
97.03
97.03
97.03
97.03
97.03
97.03
97.03
97.03
97.03
97.03
97.03
97.03
97.03
97.03
97.03
97.03
97.03
97.03
97.03
97.03
97.03
97.03
97.03
97.03
97.03
97.03
97.03
97.03
97.03
97.03
97.03
97.03
97.03
97.03
97.03
97.03
97.03
97.03
97.03
97.03
97.03
97.03
97.03
97.03
97.03
97.03
97.03
97.03
97.03
97.03
97.03
97.03
97.03
97.03
97.03
97.03
97.03
97.03
97.03
97.03
97.03
97.03
97.03
97.03
97.03
97.03
97.03
97.03
97.03
97.03
97.03
97.03
97.03
97.03
97.03
97.03
97.03
97.03
97.03
97.03
97.03
97.03
97.03
97.03
97.03
97.03
97.03
97.03
97.03
97.03
97.03
97.03
97.03
97.03
97.03
97.03
97.03
97.03
97.03
97.03
97.03
97.03
97.03
97.03
97.03
97.03
97.03
97.03
97.03
97.03
97.03
97.03
97.03
97.03
97.03
97.03
97.03
97.03
97.03
97.03
97.03
97.03
97.03
97.03
97.03
97.03
97.03
97.03
97.03
97.03
97.03
97.03
97.03
97.03
97.03
97.03
97.03
97.03
97.03
97.03
97.03
97.03
97.03
97.03
97.03
97.03
97.03
97.03
97.03
97.03
97.03
97.03
97.03
97.03
97.03
97.03
97.03
97.03
97.03
97.03
97.03
97.03
97.03
97.03
97.03
97.03
97.03
97.03
97.03
97.03
97.03
97.03
97.03
97.03
97.03
97.03
97.03
97.03
97.03
97.03
97.03
97.03
97.03
97.03
97.03
97.03
97.03
97.03
97.03
97.03
97.03
97.03
97.03
97.03
97.03
97.03
97.03
97.03
97.03
97.03
97.03
97.03
97.03
97.03
97.03
97.03
97.03
97.03
97.03
97.03
97.03
97.03
97.03
97.03
97.03
97.03
97.03
97.03
97.03
97.03
97.03
97.03
97.03
97.03
97.03
97.03
97.03
97.03
97.03
97.03
97.03
97.03
97.03
97.03
97.03
97.03
97.03
97.03
97.03
97.03
97.03
97.03
97.03
97.03
97.03
97.03
97.03
97.03
97.03
97.03
97.03
97.03
97.03
97.03
97.03
97.03
97.03
97.03
97.03
97.03
97.03
97.03
97.03
97.03
97.03
97.03
97.03
97.03
97.03
97.03
97.03
97.03
97.03
97.03
97.03
97.03
97.03
97.03
97.03
97.03
97.03
97.03
97.03
97.03
97.03
97.03
97.03
97.03
97.03
97.03
97.03
97.03
97.03
97.03
97.03
97.03
97.03
97.03
97.03
97.03
97.03
97.03
97.03
97.03
97.03
97.03
97.03
97.03
97.03
97.03
97.03
97.03
97.03
97.03
97.03
97.03
97.03
97.03
97.03
97.03
97.03
97.03
97.03
97.03
97.03
97.03
97.03
97.03
97.03
97.03
97.03
97.03
97.03
97.03
97.03
97.03
97.03
97.03
97.03
97.03
97.03
97.03
97.03
97.03
97.03
97.03
97.03
97.03
97.03
97.03
97.03
97.03
97.03
97.03
97.03
97.03
97.03
97.03
97.03
97.03
97.03
97.03
97.03
97.03
97.03
97.03
97.03
97.03
97.03
97.03
97.03
97.03
97.03
97.03
97.03
97.03
97.03
97.03
97.03
97.03
97.03
97.03
97.03
97.03
97.03
97.03
97.03
97.03
97.03
97.03
97.03
97.03
97.03
97.03
97.03
97.03
97.03
97.03
97.03
97.03
97.03
97.03
97.03
97.03
97.03
97.03
97.03
97.03
97.03
97.03
97.03
97.03
97.03
97.03
97.03
97.03
97.03
97.03
97.03
97.03
97.03
97.03
97.03
97.03
97.03
97.03
97.03
97.03
97.03
97.03
97.03
97.03
97.03
97.03
97.03
97.03
97.03
97.03
97.03
97.03
97.03
97.03
97.03
97.03
97.03
97.03
97.03
97.03
97.03
97.03
97.03
97.03
97.03
97.03
97.03
97.03
97.03
97.03
97.03
97.03
97.03
97.03
97.03
97.03
97.03
97.03
97.03
97.03
97.03
97.03
97.03
97.03
97.03
97.03
97.03
97.03
97.03
97.03
97.03
97.03
97.03
97.03
97.03
97.03
97.03
97.03
97.03
97.03
97.03
97.03
97.03
97.03
97.03
97.03
97.03
97.03
97.03
97.03
97.03
97.03
97.03
97.03
97.03
97.03
97.03
97.03
97.03
97.03
97.03
97.03
97.03
97.03
97.03
97.03
97.03
97.03
97.03
97.03
97.03
97.03
97.03
97.03
97.03
97.03
97.03
97.03
97.03
97.03
97.03
97.03
97.03
97.03
97.03
97.03
97.03
97.03
97.03
97.03
97.03
97.03
97.03
97.03
97.03
97.03
97.03
97.03
97.03
97.03
97.03
97.03
97.03
97.03
97.03
97.03
97.03
97.03
97.03
97.03
97.03
97.03
97.03
97.03
97.03
97.03
97.03
97.03
97.03
97.03
97.03
97.03
97.03
97.03
97.03
97.03
97.03
97.03
97.03
97.03
97.03
97.03
97.03
97.03
97.03
97.03
97.03
97.03
97.03
97.03
97.03
97.03
97.03
97.03
97.03
97.03
97.03
97.03
97.03
97.03
97.03
97.03
97.03
97.03
97.03
97.03
97.03
97.03
97.03
97.03
97.03
97.03
97.03
97.03
97.03
97.03
97.03
97.03
97.03
97.03
97.03
97.03
97.03
97.03
97.03
97.03
97.03
97.03
97.03
97.03
97.03
97.03
97.03
97.03
97.03
97.03
97.03
97.03
97.03
97.03
97.03
97.03
97.03
97.03
97.03
97.03
97.03
97.03
97.03
97.03
97.03
97.03
97.03
97.03
97.03
97.03
97.03
97.03
97.03
97.03
97.03
97.03
97.03
97.03
97.03
97.03
97.03
97.03
97.03
97.03
97.03
97.03
97.03
97.03
97.03
97.03
97.03
97.03
97.03
97.03
97.03
97.03
97.03
97.03
97.03
97.03
97.03
97.03
97.03
97.03
97.03
97.03
97.03
97.03
97.03
97.03
97.03
97.03
97.03
97.03
97.03
97.03
97.03
97.03
97.03
97.03
97.03
97.03
97.03
97.03
97.03
97.03
97.03
97.03
97.03
97.03
97.03
97.03
97.03
97.03
97.03
97.03
97.03
97.03
97.03
97.03
97.03
97.03
97.03
97.03
97.03
97.03
97.03
97.03
97.03
97.03
97.03
97.03
97.03
97.03
97.03
97.03
97.03
97.03
97.03
97.03
97.03
97.03
97.03
97.03
97.03
97.03
97.03
97.03
97.03
97.03
97.03
97.03
97.03
97.03
97.03
97.03
97.03
97.03
97.03
97.03
97.03
97.03
97.03
97.03
97.03
97.03
97.03
97.03
97.03
97.03
97.03
97.03
97.03
97.03
97.03
97.03
97.03
97.03
97.03
97.03
97.03
97.03
97.03
97.03
97.03
97.03
97.03
97.03
97.03
97.03
97.03
97.03
97.03
97.03
97.03
97.03
97.03
97.03
97.03
97.03
97.03
97.03
97.03
97.03
97.03
97.03
97.03
97.03
97.03
97.03
97.03
97.03
97.03
97.03
97.03
97.03
97.03
97.03
97.03
97.03
97.03
97.03
97.03
97.03
97.03
97.03
97.03
97.03
97.03
97.03
97.03
97.03
97.03
97.03
97.03
97.03
97.03
97.03
97.03
97.03
97.03
97.03
97.03
97.03
97.03
97.03
97.03
97.03
97.03
97.03
97.03
97.03
97.03
97.03
97.03
97.03
97.03
97.03
97.03
97.03
97.03
97.03
97.03
97.03
97.03
97.03
97.03
97.03
97.03
97.03
97.03
97.03
97.03
97.03
97.03
97.03
97.03
97.03
97.03
97.03
97.03
97.03
97.03
97.03
97.03
97.03
97.03
97.03
97.03
97.03
97.03
97.03
97.03
97.03
97.03
97.03
97.03
97.03
97.03
97.03
97.03
97.03
97.03
97.03
97.03
97.03
97.03
97.03
97.03
97.03
97.03
97.03
97.03
97.03
97.03
97.03
97.03
97.03
97.03
97.03
97.03
97.03
97.03
97.03
97.03
97.03
97.03
97.03
97.04
97.04
97.04
97.04
97.04
97.04
97.04
97.04
97.04
97.04
97.04
97.04
97.04
97.04
97.04
97.04
97.04
97.04
97.04
97.04
97.04
97.04
97.04
97.04
97.04
97.04
97.04
97.04
97.04
97.04
97.04
97.04
97.04
97.04
97.04
97.04
97.04
97.04
97.04
97.04
97.04
97.04
97.04
97.04
97.04
97.04
97.04
97.04
97.04
97.04
97.04
97.04
97.04
97.04
97.04
97.04
97.04
97.04
97.04
97.04
97.04
97.04
97.04
97.04
97.04
97.04
97.04
97.04
97.04
97.04
97.04
97.04
97.04
97.04
97.04
97.04
97.04
97.04
97.04
97.04
97.04
97.04
97.04
97.04
97.04
97.04
97.04
97.04
97.04
97.04
97.04
97.04
97.04
97.04
97.04
97.04
97.04
97.04
97.04
97.04
97.04
97.04
97.04
97.04
97.04
97.04
97.04
97.04
97.04
97.04
97.04
97.04
97.04
97.04
97.04
97.04
97.04
97.04
97.04
97.04
97.04
97.04
97.04
97.04
97.04
97.04
97.04
97.04
97.04
97.04
97.04
97.04
97.04
97.04
97.04
97.04
97.04
97.04
97.04
97.04
97.04
97.04
97.04
97.04
97.04
97.04
97.04
97.04
97.04
97.04
97.04
97.04
97.04
97.04
97.04
97.04
97.04
97.04
97.04
97.04
97.04
97.04
97.04
97.04
97.04
97.04
97.04
97.04
97.04
97.04
97.04
97.04
97.04
97.04
97.04
97.04
97.04
97.04
97.04
97.04
97.04
97.04
97.04
97.04
97.04
97.04
97.04
97.04
97.04
97.04
97.04
97.04
97.04
97.04
97.04
97.04
97.04
97.04
97.04
97.04
97.04
97.04
97.04
97.04
97.04
97.04
97.04
97.04
97.04
97.04
97.04
97.04
97.04
97.04
97.04
97.04
97.04
97.04
97.04
97.04
97.04
97.04
97.04
97.04
97.04
97.04
97.04
97.04
97.04
97.04
97.04
97.04
97.04
97.04
97.04
97.04
97.04
97.04
97.04
97.04
97.04
97.04
97.04
97.04
97.04
97.04
97.04
97.04
97.04
97.04
97.04
97.04
97.04
97.04
97.04
97.04
97.04
97.04
97.04
97.04
97.04
97.04
97.04
97.04
97.04
97.04
97.04
97.04
97.04
97.04
97.04
97.04
97.04
97.04
97.04
97.04
97.04
97.04
97.04
97.04
97.04
97.04
97.04
97.04
97.04
97.04
97.04
97.04
97.04
97.04
97.04
97.04
97.04
97.04
97.04
97.04
97.04
97.04
97.04
97.04
97.04
97.04
97.04
97.04
97.04
97.04
97.04
97.04
97.04
97.04
97.04
97.04
97.04
97.04
97.04
97.04
97.04
97.04
97.04
97.04
97.04
97.04
97.04
97.04
97.04
97.04
97.04
97.04
97.04
97.04
97.04
97.04
97.04
97.04
97.04
97.04
97.04
97.04
97.04
97.04
97.04
97.04
97.04
97.04
97.04
97.04
97.04
97.04
97.04
97.04
97.04
97.04
97.04
97.04
97.04
97.04
97.04
97.04
97.04
97.04
97.04
97.04
97.04
97.04
97.04
97.04
97.04
97.04
97.04
97.04
97.04
97.04
97.04
97.04
97.04
97.04
97.04
97.04
97.04
97.04
97.04
97.04
97.04
97.04
97.04
97.04
97.04
97.04
97.04
97.04
97.04
97.04
97.04
97.04
97.04
97.04
97.04
97.04
97.04
97.04
97.04
97.04
97.04
97.04
97.04
97.04
97.04
97.04
97.04
97.04
97.04
97.04
97.04
97.04
97.04
97.04
97.04
97.04
97.04
97.04
97.04
97.04
97.04
97.04
97.04
97.05
97.05
97.05
97.05
97.05
97.05
97.05
97.05
97.05
97.05
97.05
97.05
97.05
97.05
97.05
97.05
97.05
97.05
97.05
97.05
97.05
97.05
97.05
97.05
97.05
97.05
97.05
97.05
97.05
97.05
97.05
97.05
97.05
97.05
97.05
97.05
97.05
97.05
97.05
97.05
97.05
97.05
97.05
97.05
97.05
97.05
97.05
97.05
97.05
97.05
97.05
97.05
97.05
97.05
97.05
97.05
97.05
97.05
97.05
97.05
97.05
97.05
97.05
97.05
97.05
97.05
97.05
97.05
97.05
97.05
97.05
97.05
97.05
97.05
97.05
97.05
97.05
97.05
97.05
97.05
97.05
97.05
97.05
97.05
97.05
97.05
97.05
97.05
97.05
97.05
97.05
97.05
97.05
97.05
97.05
97.05
97.05
97.05
97.05
97.05
97.05
97.05
97.05
97.05
97.05
97.05
97.05
97.05
97.05
97.05
97.05
97.05
97.05
97.05
97.05
97.05
97.05
97.05
97.05
97.05
97.05
97.05
97.05
97.05
97.05
97.05
97.05
97.05
97.05
97.05
97.05
97.05
97.05
97.05
97.05
97.05
97.05
97.05
97.05
97.05
97.05
97.05
97.05
97.05
97.05
97.05
97.05
97.05
97.05
97.05
97.05
97.05
97.05
97.05
97.05
97.05
97.05
97.05
97.05
97.05
97.05
97.05
97.05
97.05
97.05
97.05
97.05
97.05
97.05
97.05
97.06
97.06
97.06
97.06
97.06
97.06
97.06
97.06
97.06
97.06
97.06
97.06
97.06
97.06
97.06
97.06
97.06
97.06
97.06
97.06
97.06
97.06
97.06
97.06
97.06
97.06
97.06
97.06
97.06
97.06
97.06
97.06
97.06
97.06
97.06
97.06
97.06
97.06
97.06
97.06
97.06
97.06
97.07
97.07
97.07
97.07
97.07
97.07
97.07
97.07
97.07
97.07
97.07
97.07
97.07
97.07
97.07
97.07
97.07
97.07
97.07
97.07
97.07
97.07
97.07
97.07
97.07
97.07
97.07
97.07
97.07
97.07
97.07
97.07
97.07
97.07
97.07
97.07
97.07
97.07
97.07
97.07
97.07
97.07
97.07
97.07
97.07
97.07
97.07
97.07
97.07
97.07
97.07
97.07
97.07
97.07
97.07
97.07
97.07
97.07
97.07
97.07
97.07
97.07
97.07
97.07
97.07
97.07
97.07
97.07
97.07
97.07
97.07
97.07
97.08
97.08
97.08
97.08
97.08
97.43
97.43
97.43
97.43
97.43
97.43
97.43
97.43
97.43
97.43
97.43
97.43
97.43
97.43
97.43
97.43
97.43
97.44
97.44
97.44
97.44
97.44
97.44
97.44
97.44
97.44
97.44
97.44
97.44
97.44
97.44
97.44
97.44
97.44
97.44
97.44
97.44
97.44
97.44
97.44
97.44
97.44
97.44
97.44
97.44
97.44
97.44
97.44
97.44
97.44
97.44
97.44
97.44
97.44
97.44
97.44
97.44
97.44
97.44
97.44
97.44
97.44
97.44
97.44
97.44
97.44
97.44
97.44
97.44
97.44
97.44
97.44
97.44
97.44
97.44
97.44
97.44
97.44
97.44
97.44
97.44
97.44
97.44
97.44
97.44
97.44
97.44
97.44
97.44
97.44
97.44
97.44
97.44
97.44
97.44
97.44
97.44
97.44
97.44
97.44
97.44
97.44
97.44
97.44
97.44
97.44
97.44
97.44
97.44
97.44
97.44
97.44
97.44
97.44
97.44
97.44
97.44
97.44
97.44
97.44
97.44
97.44
97.44
97.44
97.44
97.44
97.44
97.44
97.44
97.44
97.44
97.44
97.44
97.44
97.44
97.44
97.44
97.44
97.44
97.44
97.44
97.44
97.44
97.44
97.44
97.44
97.44
97.44
97.44
97.44
97.44
97.44
97.44
97.44
97.44
97.44
97.44
97.44
97.44
97.44
97.44
97.44
97.44
97.44
97.44
97.44
97.44
97.44
97.44
97.44
97.44
97.44
97.44
97.44
97.44
97.44
97.44
97.44
97.44
97.44
97.44
97.44
97.44
97.44
97.44
97.44
97.44
97.44
97.44
97.44
97.44
97.44
97.44
97.44
97.44
97.44
97.44
97.44
97.44
97.44
97.44
97.44
97.44
97.44
97.44
97.44
97.44
97.44
97.44
97.44
97.44
97.44
97.44
97.44
97.44
97.44
97.44
97.44
97.44
97.44
97.44
97.44
97.44
97.44
97.44
97.44
97.44
97.44
97.44
97.44
97.44
97.44
97.44
97.44
97.44
97.44
97.44
97.44
97.44
97.44
97.44
97.44
97.44
97.44
97.44
97.44
97.44
97.44
97.44
97.44
97.44
97.44
97.44
97.44
97.44
97.44
97.44
97.44
97.44
97.44
97.44
97.44
97.44
97.44
97.44
97.44
97.44
97.44
97.44
97.44
97.44
97.44
97.44
97.44
97.44
97.44
97.44
97.44
97.44
97.44
97.44
97.44
97.44
97.44
97.44
97.44
97.44
97.44
97.44
97.44
97.44
97.44
97.44
97.44
97.44
97.44
97.44
97.44
97.44
97.44
97.44
97.44
97.44
97.44
97.44
97.44
97.44
97.44
97.44
97.44
97.44
97.44
97.44
97.44
97.44
97.44
97.44
97.44
97.44
97.44
97.45
97.45
97.45
97.45
97.45
97.45
97.45
97.45
97.45
97.45
97.45
97.45
97.45
97.45
97.45
97.45
97.45
97.45
97.45
97.45
97.45
97.45
97.45
97.45
97.45
97.45
97.45
97.45
97.45
97.45
97.45
97.45
97.45
97.45
97.45
97.45
97.45
97.45
97.45
97.45
97.45
97.45
97.45
97.45
97.45
97.45
97.45
97.45
97.45
97.45
97.45
97.45
97.45
97.45
97.45
97.45
97.45
97.45
97.45
97.45
97.45
97.45
97.45
97.45
97.45
97.45
97.45
97.45
97.45
97.45
97.45
97.45
97.45
97.45
97.45
97.45
97.45
97.45
97.45
97.45
97.45
97.45
97.45
97.45
97.45
97.45
97.45
97.45
97.45
97.45
97.45
97.45
97.45
97.45
97.45
97.45
97.45
97.45
97.45
97.45
97.45
97.45
97.45
97.45
97.45
97.45
97.45
97.45
97.45
97.45
97.45
97.45
97.46
97.46
97.46
97.46
97.46
97.46
97.46
97.46
97.46
97.46
97.46
97.46
97.46
97.46
97.46
97.46
97.46
97.46
97.46
97.46
97.46
97.46
97.46
97.46
97.46
97.46
97.46
97.46
97.46
97.46
97.46
97.46
97.46
97.46
97.46
97.46
97.46
97.46
97.46
97.46
97.46
97.46
97.46
97.46
97.46
97.46
97.46
97.46
97.46
97.46
97.46
97.46
97.46
97.47
97.47
97.47
97.47
97.47
97.47
97.47
97.48
97.48
97.48
97.48
97.48
97.48
97.48
97.48
97.48
97.56
97.61
97.94
97.98
97.98
98.00
98.00
98.00
98.01
98.01
98.39
98.40
98.50
98.50
98.50
98.50
98.50
98.51
98.51
98.52
98.52
98.52
98.52
98.52
98.52
98.52
98.54
98.54
98.57
98.58
98.58
98.67
98.74
98.75
98.75
98.75
98.75
98.75
98.75
98.75
98.76
98.80
98.80
98.81
98.81
98.81
98.81
98.81
98.81
98.81
98.81
98.81
98.81
98.81
98.81
98.81
98.81
98.81
98.81
98.81
98.81
98.81
98.81
98.81
98.81
98.81
98.81
98.81
98.81
98.81
98.81
98.81
98.81
98.81
98.81
98.81
98.81
98.81
98.81
98.81
98.81
98.81
98.81
98.81
98.81
98.81
98.81
98.81
98.81
98.81
98.81
98.81
98.81
98.81
98.81
98.81
98.81
98.81
98.81
98.81
98.81
98.81
98.81
98.81
98.81
98.81
98.81
98.81
98.81
98.81
98.81
98.81
98.81
98.81
98.81
98.81
98.81
98.81
98.81
98.81
98.81
98.82
98.82
98.82
98.82
98.91
98.91
98.93
98.93
98.93
98.93
98.93
98.93
98.93
98.93
98.93
98.93
98.93
98.94
98.94
98.94
98.94
98.94
98.94
98.94
98.94
98.94
98.94
98.94
98.94
98.94
98.94
98.94
98.94
98.94
98.94
98.94
98.96
98.99
98.99
98.99
99.00
99.00
99.08
99.09
99.09
99.09
99.09
99.09
99.09
99.09
99.09
99.09
99.09
99.10
99.10
99.10
99.10
99.10
99.10
99.10
99.10
99.10
99.10
99.10
99.10
99.10
99.10
99.10
99.10
99.10
99.10
99.10
99.10
99.10
99.10
99.10
99.10
99.10
99.10
99.10
99.11
99.12
99.18
99.19
99.19
99.19
99.19
99.19
99.20
99.20
99.20
99.20
99.20
99.20
99.20
99.20
99.38
99.39
99.39
99.39
99.39
99.39
99.39
99.39
99.39
99.39
99.39
99.39
99.39
99.39
99.39
99.39
99.39
99.39
99.39
99.39
99.39
99.39
99.39
99.40
99.40
99.40
99.40
99.40
99.40
99.40
99.40
99.40
99.40
99.40
99.40
99.40
99.40
99.40
99.40
99.40
99.40
99.40
99.40
99.40
99.40
99.40
99.40
99.40
99.40
99.40
99.40
99.40
99.40
99.40
99.40
99.40
99.40
99.41
99.41
99.41
99.41
99.41
99.41
99.41
99.41
99.41
99.47
99.73
99.73
99.73
99.73
99.73
99.73
99.73
99.73
99.73
99.73
99.73
100.00
100.00
100.00
100.00
100.00
100.00
100.00
100.00
100.00
100.00
100.00
100.00
100.00
100.00
100.00
100.00
100.00
100.00
100.00
100.00
100.00
100.00
100.00
100.00
100.00
100.00
100.00
100.00
100.00
100.00
100.00
100.00
100.00
100.00
100.00
100.00
100.00
100.00
100.00
100.00
100.00
100.00
100.00
100.00
100.00
100.00
100.00
100.00
100.00
100.00
100.00
100.00
100.00
100.00
100.00
100.00
100.00
100.00
100.00
100.00
100.00
100.00
100.00
100.00
100.00
100.00
100.00
100.00
100.00
100.00
100.00
100.00
100.00
100.00
100.00
100.00
100.00
100.00
100.00
100.00
100.00
100.00
100.00
100.00
100.00
100.00
100.00
100.00
100.00
100.00
100.00
100.00
100.00
100.00
100.00
100.00
100.00
100.00
100.00
100.00
100.00
100.00
100.00
100.00
100.00
100.00
100.00
100.00
100.00
100.00
100.00
100.00
100.00
100.00
100.00
100.00
100.00
100.00
100.00
100.00
100.00
100.00
100.00
100.00
100.00
100.00
100.00
100.00
100.00
100.00
100.00
100.00
100.00
100.00
100.00
100.00
100.00
100.00
100.00
100.00
100.00
100.00
100.00
100.00
100.00
100.00
100.00
100.00
100.00
100.00
100.00
100.00
100.00
100.00
100.00
100.00
100.00
100.00
100.00
100.00
100.00
100.00
100.00
100.00
100.00
100.00
100.00
100.00
100.00
100.00
100.00
100.00
100.00
100.00
100.00
100.00
100.00
100.00
100.00
100.00
100.00
100.00
100.00
100.00
100.00
100.00
100.00
100.00
100.00
100.00
100.00
100.00
100.00
100.00
100.00
100.00
100.00
100.00
100.00
100.00
100.00
100.00
100.00
100.00
100.00
100.00
100.00
100.00
100.00
100.00
100.00
100.00
100.00
100.00
100.00
100.00
100.00
100.00
100.00
100.00
100.00
100.00
100.00
100.00
100.00
100.00
100.00
100.00
100.00
100.00
100.00
100.00
100.00
100.00
100.00
100.00
100.00
100.00
100.00
100.00
100.00
100.00
100.00
100.00
100.00
100.00
100.00
100.00
100.00
100.00
100.00
100.00
100.00
100.00
100.00
100.00
100.00
100.00
100.00
100.00
100.00
100.00
100.00
100.00
100.00
100.00
100.00
100.00
100.00
100.00
100.00
100.00
100.00
100.00
100.00
100.00
100.00
100.00
100.00
100.00
100.00
100.00
100.00
100.00
100.00
100.00
100.00
100.00
100.00
100.00
100.00
100.00
100.00
100.00
100.00
100.00
100.00
100.00
100.00
100.00
100.00
100.00
100.00
100.00
100.00
100.00
100.00
100.00
100.00
100.00
100.00
100.00
100.00
100.00
100.00
100.00
100.00
100.00
100.00
100.00
100.00
100.00
100.00
100.00
100.00
100.00
100.00
100.00
100.00
100.00
100.00
100.00
100.00
100.00
100.00
100.00
100.00
100.00
100.00
100.00
100.00
100.00
100.00
100.00
100.00
100.00
100.00
100.00
100.00
100.00
100.00
100.00
100.00
100.00
100.00
100.00
100.00
100.00
100.00
100.00
100.00
100.00
100.00
100.00
100.00
100.00
100.00
100.00
100.00
100.00
100.00
100.00
100.00
100.00
100.00
100.00
100.00
100.00
100.00
100.00
100.00
100.00
100.00
100.00
100.00
100.00
100.00
100.00
100.00
100.00
100.00
100.00
100.00
100.00
100.00
100.00
100.00
100.00
100.00
100.00
100.00
100.00
100.00
100.00
100.00
100.00
100.00
100.00
100.00
100.00
100.00
100.00
100.00
100.00
100.00
100.00
100.00
100.00
100.00
100.00
100.00
100.00
100.00
100.00
100.00
100.00
100.00
100.00
100.00
100.00
100.00
100.00
100.00
100.00
100.00
100.00
100.00
100.00
100.00
100.00
100.00
100.00
100.00
100.00
100.00
100.00
100.00
100.00
100.00
100.00
100.00
100.00
100.00
100.00
100.00
100.00
100.00
100.00
100.00
100.00
100.00
100.00
100.00
100.00
100.00
100.00
100.00
100.00
100.00
100.00
100.00
100.00
100.00
100.00
100.00
100.00
100.00
100.00
100.00
100.00
100.00
100.00
100.00
100.00
100.00
100.00
100.00
100.00
100.00
100.00
100.00
100.00
100.00
100.00
100.00
100.00
100.00
100.00
100.00
100.00
100.00
100.00
100.00
100.00
100.00
100.00
100.00
100.00
100.00
100.00
100.00
100.00
100.00
100.00
100.00
100.00
100.00
100.00
100.00
100.00
100.00
100.00
100.00
100.00
100.00
100.00
100.00
100.00
100.00
100.00
100.00
100.00
100.00
100.00
100.00
100.00
100.00
100.00
100.00
100.00
100.00
100.00
100.00
100.00
100.00
100.00
100.00
100.00
100.00
100.00
100.00
100.00
100.00
100.00
100.00
100.00
100.00
100.00
100.00
100.00
100.00
100.00
100.00
100.00
100.00
100.00
100.00
100.00
100.00
100.00
100.00
100.00
100.00
100.00
100.00
100.00
100.00
100.00
100.00
100.00
100.00
100.00
100.00
100.00
100.00
100.00
100.00
100.00
100.00
100.00
100.00
100.00
100.00
100.00
100.00
100.00
100.00
100.00
100.00
100.00
100.00
100.00
100.00
100.00
100.00
100.00
100.00
100.00
100.00
100.00
100.00
100.00
100.00
100.00
100.00
100.00
100.00
100.00
100.00
100.00
100.00
100.00
100.00
100.00
100.00
100.00
100.00
100.00
100.00
100.00
100.00
100.00
100.00
100.00
100.00
100.00
100.00
100.00
100.00
100.00
100.00
100.00
100.00
100.00
100.00
100.00
100.00
100.00
100.00
100.00
100.00
100.00
100.00
100.00
100.00
100.00
100.00
100.00
100.00
100.00
100.00
100.00
100.00
100.00
100.00
100.00
100.00
100.00
100.00
100.00
100.00
100.00
100.00
100.00
100.00
100.00
100.00
100.00
100.00
100.00
100.00
100.00
100.00
100.00
100.00
100.00
100.00
100.00
100.00
100.00
100.00
100.00
100.00
100.00
100.00
100.00
100.00
100.00
100.00
100.00
100.00
100.00
100.00
100.00
100.00
100.00
100.00
100.00
100.00
100.00
100.00
100.00
100.00
100.00
100.00
100.00
100.00
100.00
100.00
100.00
100.00
100.00
100.00
100.00
100.00
100.00
100.00
100.00
100.00
100.00
100.00
100.00
100.00
100.00
100.00
100.00
100.00
100.00
100.00
100.00
100.00
100.00
100.00
100.00
100.00
100.00
100.00
100.00
100.00
100.00
100.00
100.00
100.00
100.00
100.00
100.00
100.00
100.00
100.00
100.00
100.00
100.00
100.00
100.00
100.00
100.00
100.00
100.00
100.00
100.00
100.00
100.00
100.00
100.00
100.00
100.00
100.00
100.00
100.00
100.00
100.00
100.00
100.00
100.00
100.00
100.00
100.00
100.00
100.00
100.00
100.00
100.00
100.00
100.00
100.00
100.00
100.00
100.00
100.00
100.00
100.00
100.00
100.00
100.00
100.00
100.00
100.00
100.00
100.00
100.00
100.00
100.00
100.00
100.00
100.00
100.00
100.00
100.00
100.00
100.00
100.00
100.00
100.00
100.00
100.00
100.00
100.00
100.00
100.00
100.00
100.00
100.00
100.00
100.00
100.00
100.00
100.00
100.00
100.00
100.00
100.00
100.00
100.00
100.00
100.00
100.00
100.00
100.00
100.00
100.00
100.00
100.00
100.00
100.00
100.00
100.00
100.00
100.00
100.00
100.00
100.00
100.00
100.00
100.00
100.00
100.00
100.00
100.00
100.00
100.00
100.00
100.00
100.00
100.00
100.00
100.00
100.00
100.00
100.00
100.00
100.00
100.00
100.00
100.00
100.00
100.00
100.00
100.00
100.00
100.00
100.00
100.00
100.00
100.00
100.00
100.00
100.00
100.00
100.00
100.00
100.00
100.00
100.00
100.00
100.00
100.00
100.00
100.00
100.00
100.00
100.00
100.00
100.00
100.00
100.00
100.00
100.00
100.00
100.00
100.00
100.00
100.00
100.00
100.00
100.00
100.00
100.00
100.00
100.00
100.00
100.00
100.00
100.00
100.00
100.00
100.00
100.00
100.00
100.00
100.00
100.00
100.00
100.00
100.00
100.00
100.00
100.00
100.00
100.00
100.00
100.00
100.00
100.00
100.00
100.00
100.00
100.00
100.00
100.00
100.00
100.00
100.00
100.00
100.00
100.00
100.00
100.00
100.00
100.00
100.00
100.00
100.00
100.00
100.00
100.00
100.00
100.00
100.00
100.00
100.00
100.00
100.00
100.00
100.00
100.00
100.00
100.00
100.00
100.00
100.00
100.00
100.00
100.00
100.00
100.00
100.00
100.00
100.00
100.00
100.00
100.00
100.00
100.00
100.00
100.00
100.00
100.00
100.00
100.00
100.00
100.00
100.00
100.00
100.00
100.00
100.00
100.00
100.00
100.00
100.00
100.00
100.00
100.00
100.00
100.00
100.00
100.00
100.00
100.00
100.00
100.00
100.00
100.00
100.00
100.00
100.00
100.00
100.00
100.00
100.00
100.00
100.00
100.00
100.00
100.00
100.00
100.00
100.00
100.00
100.00
100.00
100.00
100.00
100.00
100.00
100.00
100.00
100.00
100.00
100.00
100.00
100.00
100.00
100.00
100.00
100.00
100.00
100.00
100.00
100.00
100.00
100.00
100.00
100.00
100.00
100.00
100.00
100.00
100.00
100.00
100.00
100.00
100.00
100.00
100.00
100.00
100.00
100.00
100.00
100.00
100.00
100.00
100.00
100.00
100.00
100.00
100.00
100.00
100.00
100.00
100.00
100.00
100.00
100.00
100.00
100.00
100.00
100.00
100.00
100.00
100.00
100.00
100.00
100.00
100.00
100.00
100.00
100.00
100.00
100.00
100.00
100.00
100.00
100.00
100.00
100.00
100.00
100.00
100.00
100.00
100.00
100.00
100.00
100.00
100.00
100.00
100.00
100.00
100.00
100.00
100.00
100.00
100.00
100.00
100.00
100.00
100.00
100.00
100.00
100.00
100.00
100.00
100.00
100.00
100.00
100.00
100.00
100.00
100.00
100.00
100.00
100.00
100.00
100.00
100.00
100.00
100.00
100.00
100.00
100.00
100.00
100.00
100.00
100.00
100.00
100.00
100.00
100.00
100.00
100.00
100.00
100.00
100.00
100.00
100.00
100.00
100.00
100.00
100.00
100.00
100.00
100.00
100.00
100.00
100.00
100.00
100.00
100.00
100.00
100.00
100.00
100.00
100.00
100.00
100.00
100.00
100.00
100.00
100.00
100.00
100.00
100.00
100.00
100.00
100.00
100.00
100.00
100.00
100.00
100.00
100.00
100.00
100.00
100.00
100.00
100.00
100.00
100.00
100.00
100.00
100.00
100.00
100.00
100.00
100.00
100.00
100.00
100.00
100.00
100.00
100.00
100.00
100.00
100.00
100.00
100.00
100.00
100.00
100.00
100.00
100.00
100.00
100.00
100.00
100.00
100.00
100.00
100.00
100.00
100.00
100.00
100.00
100.00
100.00
100.00
100.00
100.00
100.00
100.00
100.00
100.00
100.00
100.00
100.00
100.00
100.00
100.00
100.00
100.00
100.00
100.00
100.00
100.00
100.00
100.00
100.00
100.00
100.00
100.00
100.00
100.00
100.00
100.00
100.00
100.00
100.00
100.00
100.00
100.00
100.00
100.00
100.00
100.00
100.00
100.00
100.00
100.00
100.00
100.00
100.00
100.00
100.00
100.00
100.00
100.00
100.00
100.00
100.00
100.00
100.00
100.00
100.00
100.00
100.00
100.00
100.00
100.00
100.00
100.00
100.00
100.00
100.00
100.00
100.00
100.00
100.00
100.00
100.00
100.00
100.00
100.00
100.00
100.00
100.00
100.00
100.00
100.00
100.00
100.00
100.00
100.00
100.00
100.00
100.00
100.00
100.00
100.00
100.00
100.00
100.00
100.00
100.00
100.00
100.00
100.00
100.00
100.00
100.00
100.00
100.00
100.00
100.00
100.00
100.00
100.00
100.00
100.00
100.00
100.00
100.00
100.00
100.00
100.00
100.00
100.00
100.00
100.00
100.00
100.00
100.00
100.00
100.00
100.00
100.00
100.00
100.00
100.00
100.00
100.00
100.00
100.00
100.00
100.00
100.00
100.00
100.00
100.00
100.00
100.00
100.00
100.00
100.00
100.00
100.00
100.00
100.00
100.00
100.00
100.00
100.00
100.00
100.00
100.00
100.00
100.00
100.00
100.00
100.00
100.00
100.00
100.00
100.00
100.00
100.00
100.00
100.00
100.00
100.00
100.00
100.00
100.00
100.00
100.00
100.00
100.00
100.00
100.00
100.00
100.00
100.00
100.00
100.00
100.00
100.00
100.00
100.00
100.00
100.00
100.00
100.00
100.00
100.00
100.00
100.00
100.00
100.00
100.00
100.00
100.00
100.00
100.00
100.00
100.00
100.00
100.00
100.00
100.00
100.00
100.00
100.00
100.00
100.00
100.00
100.00
100.00
100.00
100.00
100.00
100.00
100.00
100.00
100.00
100.00
100.00
100.00
100.00
100.00
100.00
100.00
100.00
100.00
100.00
100.00
100.00
100.00
100.00
100.00
100.00
100.00
100.00
100.00
100.00
100.00
100.00
100.00
100.00
100.00
100.00
100.00
100.00
100.00
100.00
100.00
100.00
100.00
100.00
100.00
100.00
100.00
100.00
100.00
100.00
100.00
100.00
100.00
100.00
100.00
100.00
100.00
100.00
100.00
100.00
100.00
100.00
100.00
100.00
100.00
100.00
100.00
100.00
100.00
100.00
100.00
100.00
100.00
100.00
100.00
100.00
100.00
100.00
100.00
100.00
100.00
100.00
100.00
100.00
100.00
100.00
100.00
100.00
100.00
100.00
100.00
100.00
100.00
100.00
100.00
100.00
100.00
100.00
100.00
100.00
100.00
100.00
100.00
100.00
100.00
100.00
100.00
100.00
100.00
100.00
100.00
100.00
100.00
100.00
100.00
100.00
100.00
100.00
100.00
100.00
100.00
100.00
100.00
100.00
100.00
100.00
100.00
100.00
100.00
100.00
100.00
100.00
100.00
100.00
100.00
100.00
100.00
100.00
100.00
100.00
100.00
100.00
100.00
100.00
