11 11
11 11
13 13
13 13
13 13
27 27
51 51
38 38
56 56
14 14
13 13
13 13
13 13
13 13
13 13
13 13
15 15
13 13
13 13
13 13
16 16
16 16
13 13
15 15
13 13
13 13
15 15
15 15
15 15
13 13
13 13
13 13
15 15
13 13
15 15
13 13
13 13
13 13
13 13
13 13
13 13
13 13
13 13
13 13
13 13
13 13
13 13
15 15
15 15
15 15
15 15
15 15
15 15
15 15
13 13
13 13
13 13
13 13
13 13
13 13
13 13
13 13
13 13
14 14
13 13
13 13
13 13
13 13
14 14
13 13
13 13
13 13
13 13
13 13
13 13
15 15
15 15
13 13
13 13
13 13
37 37
85 85
13 13
13 13
13 13
27 27
27 27
27 27
27 27
27 27
27 27
27 27
27 27
29 29
29 29
31 31
31 31
31 31
30 30
41 41
41 41
13 13
13 13
13 13
13 13
13 13
13 13
55 55
13 13
13 13
13 13
41 41
26 26
13 13
13 13
13 13
13 13
29 29
29 29
64 64
27 27
43 43
42 42
35 35
35 35
37 37
65 65
29 29
0 0
0 0
64 64
36 36
43 43
58 58
44 44
44 44
39 39
64 64
40 40
29 29
29 29
29 29
36 36
39 39
13 13
13 13
26 26
24 24
14 14
11 11
0 0
0 0
0 0
47 47
17 17
26 26
17 17
13 13
13 13
13 13
13 13
27 27
13 13
13 13
13 13
13 13
13 13
13 13
13 13
37 37
37 37
37 37
13 13
13 13
13 13
13 13
13 13
13 13
13 13
13 13
13 13
13 13
13 13
26 26
26 26
26 26
13 13
13 13
13 13
13 13
13 13
19 19
13 13
13 13
13 13
13 13
26 26
13 13
91 91
91 91
90 90
97 97
43 43
42 42
70 70
76 76
140 140
143 143
43 43
44 44
42 42
47 47
13 13
41 41
61 61
61 61
41 41
13 13
41 41
42 42
112 112
13 13
13 13
13 13
26 26
13 13
13 13
13 13
13 13
13 13
15 15
14 14
13 13
43 43
42 42
42 42
44 44
43 43
43 43
13 13
13 13
28 28
38 38
41 41
41 41
42 42
60 60
13 13
13 13
41 41
13 13
29 29
29 29
55 55
55 55
70 70
56 56
70 70
70 70
55 55
52 52
13 13
14 14
56 56
11 11
336 336
80 80
91 91
80 80
68 68
42 42
42 42
42 42
42 42
71 71
0 0
41 41
41 41
13 13
0 0
11 11
11 11
13 13
13 13
15 15
53 53
37 37
25 25
41 41
13 13
13 13
13 13
13 13
13 13
13 13
13 13
13 13
13 13
13 13
13 13
13 13
13 13
13 13
13 13
28 28
46 46
14 14
78 78
76 76
58 58
59 59
58 58
56 56
44 44
43 43
43 43
74 74
74 74
86 86
87 87
57 57
57 57
42 42
92 92
152 152
42 42
42 42
42 42
94 94
92 92
98 98
14 14
43 43
43 43
92 92
43 43
58 58
58 58
58 58
42 42
88 88
46 46
86 86
44 44
43 43
43 43
43 43
42 42
42 42
44 44
151 151
27 27
42 42
88 88
42 42
60 60
59 59
198 198
42 42
64 64
57 57
25 25
30 30
59 59
13 13
13 13
13 13
13 13
13 13
30 30
30 30
53 53
37 37
59 59
42 42
12 12
13 13
13 13
25 25
25 25
11 11
14 14
16 16
30 30
62 62
28 28
41 41
41 41
42 42
42 42
41 41
43 43
42 42
42 42
41 41
41 41
42 42
42 42
42 42
42 42
42 42
42 42
42 42
42 42
42 42
42 42
42 42
42 42
42 42
42 42
42 42
42 42
42 42
42 42
42 42
42 42
42 42
41 41
42 42
41 41
41 41
42 42
41 41
42 42
42 42
42 42
42 42
41 41
41 41
41 41
42 42
42 42
42 42
42 42
42 42
70 70
43 43
69 69
70 70
13 13
29 29
42 42
42 42
39 39
86 86
31 31
41 41
13 13
38 38
38 38
38 38
41 41
42 42
42 42
40 40
40 40
40 40
40 40
38 38
38 38
31 31
44 44
48 48
31 31
19 19
47 47
55 55
60 60
59 59
46 46
47 47
70 70
49 49
70 70
70 70
71 71
50 50
66 66
67 67
58 58
62 62
56 56
56 56
56 56
56 56
56 56
56 56
56 56
56 56
56 56
56 56
56 56
56 56
56 56
56 56
26 26
26 26
34 34
56 56
56 56
56 56
56 56
56 56
56 56
28 28
34 34
28 28
34 34
34 34
34 34
34 34
56 56
56 56
56 56
56 56
56 56
56 56
56 56
56 56
56 56
56 56
56 56
56 56
56 56
56 56
26 26
26 26
34 34
56 56
56 56
56 56
56 56
56 56
56 56
34 34
34 34
34 34
34 34
34 34
80 80
38 38
15 15
37 37
37 37
144 144
68 68
67 67
145 145
68 68
67 67
15 15
13 13
13 13
13 13
13 13
14 14
14 14
14 14
14 14
13 13
13 13
13 13
13 13
13 13
14 14
14 14
13 13
26 26
13 13
13 13
26 26
13 13
13 13
26 26
42 42
26 26
13 13
30 30
30 30
27 27
27 27
41 41
27 27
13 13
13 13
14 14
13 13
13 13
88 88
132 132
13 13
13 13
26 26
26 26
26 26
42 42
13 13
13 13
39 39
24 24
6 6
60 60
37 37
39 39
39 39
39 39
39 39
39 39
39 39
29 29
20 20
20 20
80 80
29 29
23 23
82 82
23 23
27 27
27 27
27 27
27 27
23 23
13 13
24 24
86 86
44 44
86 86
24 24
55 55
71 71
37 37
44 44
31 31
13 13
13 13
13 13
13 13
13 13
37 37
44 44
57 57
10 10
45 45
13 13
56 56
42 42
43 43
49 49
60 60
80 80
80 80
80 80
80 80
80 80
80 80
65 65
125 125
76 76
43 43
43 43
45 45
45 45
46 46
46 46
46 46
43 43
43 43
45 45
45 45
46 46
46 46
46 46
46 46
48 48
43 43
45 45
44 44
46 46
46 46
44 44
43 43
45 45
28 28
57 57
43 43
30 30
13 13
13 13
13 13
13 13
13 13
13 13
26 26
26 26
26 26
26 26
26 26
26 26
13 13
13 13
13 13
13 13
13 13
13 13
13 13
13 13
42 42
15 15
13 13
13 13
45 45
45 45
15 15
14 14
14 14
41 41
42 42
13 13
41 41
42 42
41 41
45 45
41 41
42 42
42 42
42 42
13 13
13 13
13 13
54 54
62 62
62 62
77 77
76 76
50 50
62 62
62 62
62 62
62 62
63 63
